/n
0
/n
[0]0
[1]1
[2]0
[3]0
[4]0
[5]38
[6]0
[7]-121
[8]1
[9]-107
[10]1
[11]-101
[12]1
[13]-98
[14]1
[15]-116
[16]1
[17]-103
[18]1
[19]-108
[20]1
[21]-112
[22]1
[23]-119
[24]1
[25]-124
[26]1
[27]125
[28]1
[29]0
/n
1
/n
[0]0
[1]2
[2]0
[3]0
[4]0
[5]-119
[6]1
[7]40
[8]0
[9]-107
[10]1
[11]-102
[12]1
[13]-98
[14]1
[15]-116
[16]1
[17]-103
[18]1
[19]-108
[20]1
[21]-112
[22]1
[23]-119
[24]1
[25]-124
[26]1
[27]125
[28]1
[29]0
/n
2
/n
[0]0
[1]4
[2]0
[3]0
[4]0
[5]-119
[6]1
[7]-120
[8]1
[9]34
[10]0
[11]-103
[12]1
[13]-98
[14]1
[15]-116
[16]1
[17]-103
[18]1
[19]-108
[20]1
[21]-111
[22]1
[23]-119
[24]1
[25]-124
[26]1
[27]125
[28]1
[29]0
/n
3
/n
[0]0
[1]8
[2]0
[3]0
[4]0
[5]-119
[6]1
[7]-120
[8]1
[9]-107
[10]1
[11]29
[12]0
[13]-98
[14]1
[15]-116
[16]1
[17]-103
[18]1
[19]-108
[20]1
[21]-112
[22]1
[23]-119
[24]1
[25]-125
[26]1
[27]125
[28]1
[29]0
/n
4
/n
[0]0
[1]16
[2]0
[3]0
[4]0
[5]-119
[6]1
[7]-120
[8]1
[9]-108
[10]1
[11]-103
[12]1
[13]33
[14]0
[15]-117
[16]1
[17]-103
[18]1
[19]-108
[20]1
[21]-111
[22]1
[23]-119
[24]1
[25]-124
[26]1
[27]125
[28]1
[29]0
/n
5
/n
[0]0
[1]32
[2]0
[3]0
[4]0
[5]-119
[6]1
[7]-120
[8]1
[9]-107
[10]1
[11]-102
[12]1
[13]-99
[14]1
[15]32
[16]0
[17]-103
[18]1
[19]-108
[20]1
[21]-112
[22]1
[23]-119
[24]1
[25]-124
[26]1
[27]125
[28]1
[29]0
/n
6
/n
[0]0
[1]64
[2]0
[3]0
[4]0
[5]-119
[6]1
[7]-121
[8]1
[9]-108
[10]1
[11]-101
[12]1
[13]-98
[14]1
[15]-117
[16]1
[17]35
[18]0
[19]-109
[20]1
[21]-112
[22]1
[23]-119
[24]1
[25]-124
[26]1
[27]125
[28]1
[29]0
/n
7
/n
[0]0
[1]-128
[2]0
[3]0
[4]0
[5]-119
[6]1
[7]-120
[8]1
[9]-108
[10]1
[11]-102
[12]1
[13]-98
[14]1
[15]-116
[16]1
[17]-103
[18]1
[19]31
[20]0
[21]-112
[22]1
[23]-119
[24]1
[25]-125
[26]1
[27]125
[28]1
[29]0
/n
8
/n
[0]0
[1]0
[2]1
[3]0
[4]0
[5]-119
[6]1
[7]-121
[8]1
[9]-107
[10]1
[11]-101
[12]1
[13]-98
[14]1
[15]-116
[16]1
[17]-103
[18]1
[19]-109
[20]1
[21]38
[22]0
[23]-120
[24]1
[25]-125
[26]1
[27]125
[28]1
[29]0
/n
9
/n
[0]0
[1]0
[2]2
[3]0
[4]0
[5]-119
[6]1
[7]-120
[8]1
[9]-107
[10]1
[11]-101
[12]1
[13]-98
[14]1
[15]-115
[16]1
[17]-103
[18]1
[19]-109
[20]1
[21]-112
[22]1
[23]34
[24]0
[25]-125
[26]1
[27]125
[28]1
[29]0
/n
10
/n
[0]0
[1]0
[2]4
[3]0
[4]0
[5]-119
[6]1
[7]-120
[8]1
[9]-108
[10]1
[11]-101
[12]1
[13]-98
[14]1
[15]-116
[16]1
[17]-103
[18]1
[19]-109
[20]1
[21]-112
[22]1
[23]-120
[24]1
[25]39
[26]0
[27]125
[28]1
[29]0
/n
11
/n
[0]0
[1]0
[2]8
[3]0
[4]0
[5]-119
[6]1
[7]-120
[8]1
[9]-108
[10]1
[11]-100
[12]1
[13]-98
[14]1
[15]-116
[16]1
[17]-103
[18]1
[19]-109
[20]1
[21]-112
[22]1
[23]-119
[24]1
[25]-125
[26]1
[27]31
[28]0
[29]0
